4 0.2867132867132867 0.6365461847389559 0.28321678321678323 0.536144578313253
4 1.5253496503496504 1.3002008032128516 0.840034965034965 0.7379518072289157
4 1.361013986013986 0.12349397590361445 0.7368881118881119 0.11746987951807228
4 1.7412587412587412 0.36847389558232935 0.8933566433566433 0.20983935742971888
4 1.2692307692307692 0.6927710843373494 0.6730769230769231 0.38353413654618473
4 1.1468531468531467 0.8785140562248996 0.5944055944055944 0.464859437751004
4 1.8496503496503496 1.1325301204819276 0.9493006993006993 0.5883534136546185
4 1.2167832167832167 1.8343373493975903 0.6468531468531469 0.9427710843373494
4 0.6416083916083917 1.8724899598393572 0.3513986013986014 0.9568273092369477
4 0.9020979020979021 1.9377510040160641 0.4825174825174825 0.9779116465863453
4 0.23251748251748253 1.7901606425702812 0.14160839160839161 0.928714859437751
4 1.18006993006993 1.1867469879518073 0.6293706293706294 0.6305220883534137
