4 0.2532467532467533 0.2476145038167939 0.4983766233766234 0.22996183206106868
4 0.5292207792207793 0.42270992366412213 0.14610389610389612 0.19465648854961837
4 0.13474025974025974 0.11020992366412213 0.038961038961038974 0.037213740458015274
4 0.5438311688311688 0.11545801526717557 0.5227272727272727 0.22709923664122136
4 0.6696428571428571 0.30343511450381677 0.15097402597402598 0.2270992366412214
4 0.3806818181818182 0.7199427480916031 0.7581168831168831 0.5524809160305344
4 0.3526785714285714 0.46135496183206104 0.041396103896103875 0.04484732824427479
4 0.8892045454545454 0.14360687022900764 0.09983766233766234 0.11927480916030533
4 0.8859577922077922 0.3435114503816794 0.11444805194805197 0.11259541984732824
4 0.7272727272727273 0.40267175572519087 0.15746753246753253 0.13549618320610685
4 0.18790584415584416 0.9656488549618321 0.04788961038961037 0.05152671755725191
4 0.8587662337662338 0.6063931297709924 0.2597402597402597 0.3673664122137405
