4 1.7062962962962964 0.21064814814814817 0.8951851851851852 0.1615740740740741
4 1.1725925925925926 0.6268518518518518 0.6148148148148148 0.337037037037037
4 0.8925925925925926 0.7708333333333334 0.47259259259259256 0.40601851851851856
4 0.14703703703703705 1.263425925925926 0.0862962962962963 0.6615740740740741
4 0.6311111111111112 0.9624999999999999 0.3362962962962963 0.4976851851851852
4 1.101111111111111 1.0231481481481481 0.59 0.5583333333333333
4 0.3733333333333333 1.3226851851851853 0.20444444444444443 0.6828703703703705
4 1.4403703703703703 1.5726851851851853 0.7307407407407407 0.8013888888888889
4 1.598148148148148 1.8351851851851853 0.8159259259259259 0.9398148148148149
4 1.117037037037037 1.438425925925926 0.5740740740740741 0.7300925925925926
4 1.2551851851851852 1.4601851851851853 0.6433333333333333 0.7444444444444445
4 1.2685185185185186 1.6106481481481483 0.6462962962962964 0.8180555555555555
4 0.9092592592592592 1.4560185185185186 0.47370370370370374 0.7430555555555556
4 1.135925925925926 1.5416666666666667 0.5818518518518518 0.7824074074074074
4 0.712962962962963 1.6574074074074074 0.3685185185185185 0.8416666666666667
4 0.9618518518518517 1.686111111111111 0.4944444444444444 0.8537037037037036
4 1.0518518518518518 1.5912037037037037 0.562962962962963 0.8208333333333333
4 1.482222222222222 1.7953703703703705 0.7518518518518518 0.9157407407407407
4 0.5625925925925926 1.7824074074074074 0.29000000000000004 0.9101851851851852
4 0.6270370370370371 1.311574074074074 0.3351851851851852 0.6754629629629629
